15957
16580
15342
14922
15516
15988
15623
14792
16573
16497
16150
16108
16140
15798
15926
15903
15825
15595
16082
16105
15946
16108
16107
15775
15654
16244
15757
15986
15906
16037
15949
15888
15768
16013
15999
16023
15977
15853
16146
16347
15861
16896
16308
15458
16106
15889
15655
15960
15941
15944
16183
15723
16136
15975
16445
15720
14302
18867
15865
16634
15947
16184
16000
18409
13922
19181
21785
20616
13750
10262
14523
15423
16240
16098
15610
15842
15776
15917
15987
15946
16012
15810
15968
15970
15985
15895
15878
15961
15913
15907
15854
15899
15929
15895
15887
15893
15888
15835
15848
15847
15894
15833
15932
15713
15938
15954
15799
15963
15873
15969
15940
15888
15929
15934
15857
15904
15932
16093
15803
16006
15844
15882
15867
15977
15883
15953
15996
15885
15935
15890
16047
15909
16022
15969
15978
16057
15901
16074
15929
15989
15907
15992
15923
15853
15797
15932
16040
15978
15879
15828
15877
15939
15882
15962
15826
15933
15878
15889
16017
15856
15858
15866
15856
15958
15905
15843
15916
15908
15941
15974
15969
15909
15945
15982
15922
15845
15964
15963
15873
15931
15906
16020
15970
15942
15906
15927
15998
15889
15857
15984
15950
15918
15886
15868
15893
15920
15876
15967
15915
15896
15994
15970
15954
16022
15918
15993
15982
15977
15896
15886
15908
15876
15865
15815
15902
15900
15845
15955
15907
15860
15951
15884
15824
15956
15891
15879
15994
15972
15876
15988
15918
15955
15927
15880
15990
15887
15927
15993
15936
15801
15919
16009
15872
15959
15950
15906
15997
15985
15891
15870
15914
15956
15934
15927
15865
15934
15890
15876
15923
15952
15925
15948
15938
15862
15991
15913
16020
15946
15915
16058
15910
15936
15861
15957
15923
15945
15818
16019
15930
15892
15863
15896
15883
15788
15946
16031
15910
16059
15767
15518
16104
16311
15812
14061
26267
9132
12649
17095
21846
24537
25830
25953
31387
21324
5238
12723
15280
7048
9934
19609
23949
26426
24481
22614
29052
24481
28750
21923
20811
11013
5527
12047
8831
6075
10352
16222
16761
18430
19003
22368
21030
22988
30763
34376
37768
13905
20016
10338
7118
14291
24263
32391
27147
19281
16395
15938
15811
16669
15776
17942
20258
22238
23053
22836
18572
17059
14533
16475
23155
29144
25598
16196
9300
10226
8302
4745
6094
10389
14114
18452
18538
20129
20938
21010
19761
20264
22877
27375
32727
33042
21768
10039
9402
18014
10970
2830
8583
18899
26141
29895
33949
32971
33057
23812
7278
11652
15818
6509
3451
11065
20916
28710
32644
28585
16702
15850
15812
15845
15936
15811
15751
15882
15841
15896
15931
15862
15840
15913
15834
15760
15972
15753
15871
15893
15876
15796
15951
15852
15894
15932
15876
15882
15864
15930
15832
16023
15815
15929
15809
15896
15699
15964
15891
15822
15923
15768
15781
15881
15808
15950
15774
15758
15836
15920
15901
15933
15843
16016
15838
15751
15912
15756
15903
15799
15793
15746
15920
15791
15832
15903
15832
15859
15982
15838
15886
15864
15842
15788
15830
15897
15873
15798
15852
15822
15864
15952
15774
15916
15802
15914
15746
15941
15822
15891
15845
15839
15870
15922
15709
15876
15861
15840
15821
15785
15798
15802
15980
15698
15936
15862
15930
15803
15896
15844
15850
15898
15845
15870
15791
15897
15936
15981
15769
15945
15817
15870
15716
15829
15810
15833
15864
15891
15866
15893
15868
15858
15917
15781
15921
15814
15875
15824
15953
15889
15885
15955
15802
15970
15926
15843
15927
15860
15895
15835
15893
15963
15895
15879
15868
15842
15964
15785
15861
15886
15850
15892
15839
15782
15812
15945
15823
15852
15701
15916
15864
15788
15815
15775
15850
15689
15968
15935
15912
16099
15985
15872
15822
15818
15703
15920
15775
15911
15875
15485
16376
15663
15968
16654
17785
15284
18076
11357
15249
15145
15773
15818
17643
16299
15882
16169
15954
15781
15824
15736
15914
15891
15791
15899
15988
15891
16115
16649
15463
15820
15929
15938
15819
15749
15943
16182
16301
16502
16947
15736
14700
15111
15378
15351
15701
15635
15740
16362
16456
15972
15421
16027
15688
15717
15756
15933
15787
15885
15827
15754
15726
16301
16407
16047
15791
15444
14740
14591
17236
15874
15750
15300
16078
15948
15503
15698
15262
15090
15868
14994
15232
17161
16846
16554
15658
16430
16106
15706
15637
16142
15932
15946
15937
15663
16011
15720
16207
15844
15644
15963
15996
15875
15901
15992
15891
15879
15701
15935
15863
15676
15922
15888
15805
15957
15754
15825
15981
15713
16010
15965
15634
16018
15958
15627
16577
14950
15799
18307
19837
20164
20053
20863
18373
15358
13128
9850
8582
7478
9408
12760
15588
18198
16718
15535
15428
15902
16464
17300
16944
15911
15976
16228
16716
16970
16068
16607
16757
16917
17531
18280
19763
25376
28143
23317
12322
8703
11717
11329
4992
4399
10466
13624
17714
21176
25401
27152
28530
24846
22654
28508
22897
12925
8246
10781
7347
5676
7993
12480
16852
19503
22491
23745
24705
24060
20536
22398
23790
22080
16468
9406
9553
12218
8184
6139
9451
13182
14799
18383
21909
25587
23683
25693
28825
29315
25347
14319
8682
15238
8285
3819
7101
16463
26260
29412
27027
17376
15919
16043
15556
16138
15449
15938
15893
16153
15974
15866
15977
15804
15869
15752
15924
15864
15970
15899
15939
16013
15734
15854
15848
15893
15877
15707
16006
15820
15837
15936
15983
15856
15874
15918
15957
15864
16043
15717
15768
15842
15906
15939
15806
15831
15938
15967
15979
15798
15785
15957
16060
15800
15826
15793
16048
15780
15885
15802
15868
16192
15677
16083
15751
16039
15942
15582
16376
14904
19469
13871
25312
30435
32820
9162
13064
17587
5773
30127
25699
18358
18266
16290
16104
15886
15922
15869
15918
15810
15853
15931
15909
15940
15797
15908
15983
15857
15996
15871
25647
64353
64768
64851
767
1167
1415
2423
3187
3519
2541
1409
54
476
868
1015
499
64724
62572
61283
60513
61944
63929
64625
65018
65181
65187
35
204
60
65122
65130
242
582
466
364
65022
64937
18
93
167
195
65266
65064
113
65217
78
40
65274
65277
1
96
233
228
42
52
65159
65090
65099
65280
65263
235
305
149
111
561
953
1130
1382
1398
890
314
287
207
193
266
176
103
147
195
177
163
125
60
65
112
176
224
212
65280
65255
65274
77
273
328
379
476
354
187
319
700
1245
913
680
875
346
64927
64912
64591
64494
65036
64544
64697
64414
64502
64692
65054
1849
3582
3487
2901
2393
150
63695
63616
64507
65244
245
75
143
319
353
383
534
630
730
901
594
249
142
117
110
124
141
127
136
177
152
139
154
174
162
125
108
136
127
130
107
85
124
156
142
115
108
110
160
197
163
93
136
195
184
105
158
162
145
171
136
65265
65158
65052
64988
65084
65266
117
167
112
53
146
305
361
259
24
65016
64917
65194
355
533
532
426
359
326
417
332
924
1257
907
64807
63916
64097
64772
65199
87
55
61
109
170
106
116
155
234
76
65104
64859
64933
198
657
1186
734
65248
64353
64619
64877
65055
122
191
223
334
212
181
200
165
143
142
124
130
142
147
181
156
162
167
189
171
123
106
131
174
152
142
204
171
106
112
148
205
202
146
148
182
196
192
189
191
210
210
193
179
133
117
143
165
138
89
65238
65106
65026
65132
7
169
200
157
218
241
190
150
161
171
211
140
93
81
92
160
161
136
134
188
147
121
97
137
166
102
73
125
154
139
72
106
146
190
95
23
55
135
92
95
137
211
199
211
245
212
200
251
294
367
351
236
202
186
241
219
285
392
420
333
181
158
205
396
379
416
65213
64621
64902
65220
399
1210
1976
2431
2343
2370
1892
1757
1069
64947
64473
65138
377
737
297
485
2683
4074
3449
3083
2445
1521
955
636
442
300
39
65203
64986
65179
272
347
162
92
65133
64655
64371
63824
64306
63608
63057
62638
63019
64289
64408
64269
64348
64479
64374
64360
64567
64953
65190
170
292
690
1293
1679
1481
1738
1422
282
64362
204
1290
3325
5600
7846
11745
14699
18194
19987
21754
25975
24520
24177
22187
19033
15909
11125
7121
5246
3461
2656
1893
1282
715
495
291
245
222
164
182
217
192
118
153
226
184
171
169
142
167
204
168
157
166
175
192
170
156
194
182
145
170
171
133
173
167
146
133
166
186
207
189
161
150
152
170
170
160
144
150
183
196
190
148
152
156
166
147
174
172
122
144
185
162
171
181
206
184
162
183
216
209
174
179
245
221
156
155
182
177
210
225
205
155
223
263
150
134
169
212
203
148
175
206
204
163
158
178
196
179
202
228
210
186
214
225
173
215
285
189
133
237
238
163
159
183
216
179
135
161
214
193
170
162
183
173
193
187
168
164
187
200
206
167
144
187
162
150
172
159
136
87
112
123
147
164
148
158
158
131
111
141
147
151
210
220
169
159
194
184
191
211
208
184
158
197
151
86
120
157
144
122
127
166
160
172
171
163
142
203
235
230
202
161
128
212
211
189
166
213
242
269
312
213
159
215
214
138
126
157
147
155
126
174
188
200
194
141
142
126
139
160
236
222
194
237
238
186
245
292
202
188
249
230
178
236
159
127
110
101
124
133
154
134
80
96
201
235
250
238
277
241
206
204
204
114
96
124
168
188
192
180
195
174
176
170
143
133
154
157
117
162
165
169
174
183
206
175
178
185
173
174
155
185
205
164
193
189
143
175
174
175
134
127
114
91
78
149
167
170
122
203
193
176
173
226
185
182
180
204
201
177
167
198
176
155
171
155
163
179
170
169
203
192
197
174
176
214
189
144
191
239
189
141
145
191
154
151
177
168
159
205
226
222
255
230
208
173
168
155
139
182
220
190
164
200
280
275
129
86
115
191
164
199
247
189
117
129
182
178
147
109
149
168
162
150
125
126
167
176
150
195
225
174
153
163
223
189
148
201
228
176
156
166
170
125
143
199
252
246
301
273
238
247
258
246
227
193
170
137
142
190
191
193
217
226
202
199
179
201
176
187
205
183
195
291
304
277
333
336
294
143
108
99
102
60
65279
129
177
140
213
336
371
420
480
491
468
456
421
350
367
339
242
137
145
167
228
248
239
211
209
241
285
268
310
312
208
211
224
230
213
199
124
119
141
148
154
150
172
193
209
155
151
143
163
185
263
227
151
202
200
187
158
201
206
148
159
185
139
207
210
116
142
121
138
192
147
115
76
145
330
488
523
490
165
65005
65002
65279
26
64972
9
453
589
64736
62543
63171
63656
63796
64138
64719
65249
677
1943
2071
2906
3111
2717
2572
992
64357
62995
62687
62956
62878
63264
64151
65023
338
628
749
872
995
1070
816
548
18
64534
63548
62858
62620
62585
63012
64382
64204
63906
63475
63008
62578
62330
62421
62788
63513
64400
65111
64
346
1107
2175
3320
4421
5635
6335
5509
4438
3216
1828
790
109
64901
65197
65098
65022
65076
65166
65262
10
114
203
186
159
114
140
93
65
135
151
187
208
166
123
173
203
244
195
211
296
226
196
214
172
207
221
158
146
138
98
131
151
133
143
128
162
174
153
152
121
116
126
123
96
124
105
135
185
141
136
128
166
131
131
195
128
147
205
204
194
168
151
118
115
141
185
246
216
157
185
166
154
159
195
204
178
194
229
206
180
165
133
51
146
210
165
195
135
90
57
150
112
186
184
198
192
252
239
198
184
201
151
114
182
212
204
173
90
122
166
133
163
83
54
110
160
208
209
129
98
89
0
65276
121
121
172
121
184
146
104
192
341
466
536
474
329
405
370
341
245
143
70
130
112
126
140
216
198
146
85
134
81
79
21
102
125
107
136
318
116
62
114
160
156
146
220
200
136
37
5
60
9
60
133
251
180
155
184
165
79
91
159
159
174
214
189
208
198
175
132
210
145
178
163
127
124
166
203
211
268
262
190
185
257
168
193
216
192
163
104
235
195
252
283
329
346
331
312
245
216
268
232
133
153
156
165
122
194
192
203
225
169
113
139
217
39
157
119
224
228
270
291
244
233
241
140
195
188
58
102
99
130
160
189
158
135
99
39
79
161
111
149
191
174
183
130
45
37
78
125
199
202
163
104
94
88
109
34
83
215
170
106
203
239
193
199
181
240
208
229
182
191
243
179
80
119
132
140
132
84
108
128
126
113
117
137
143
224
224
183
218
187
150
103
190
179
124
182
202
175
171
193
89
72
121
124
113
54
83
134
63
95
65
39
65228
17
103
141
93
143
185
200
260
200
222
318
275
202
145
195
88
152
147
41
105
209
163
174
177
195
208
240
126
120
116
85
65173
64905
64565
64775
65245
341
504
435
317
305
202
220
103
105
154
213
302
445
472
398
404
248
135
18
58
148
300
336
340
301
194
160
110
129
146
174
234
365
387
486
500
342
156
169
206
222
266
181
161
120
121
118
19
60
45
65241
65128
65042
65026
64883
65055
12
389
896
1368
1292
984
644
48
64813
64690
50
864
1208
629
213
554
140
64605
64591
65245
416
280
136
11
162
365
498
504
317
65193
64864
64778
64791
65081
260
558
451
337
291
199
145
113
48
65276
65190
65150
65126
65145
65175
65180
34
147
418
582
709
738
859
912
1105
1151
1145
1003
670
588
659
354
280
175
65064
64737
64515
64457
64666
64846
65146
127
254
68
65163
65139
65244
49
100
116
101
125
242
309
255
186
221
227
206
169
224
118
212
344
285
112
80
57
123
170
180
173
266
272
174
130
153
68
57
129
86
65276
65235
73
178
83
65201
148
82
44
51
130
250
286
322
168
74
35
65279
15
87
169
274
370
347
295
186
112
61
165
124
62
50
189
260
216
179
200
240
372
400
411
301
261
222
176
53
65192
65168
65265
1
13
72
92
151
229
194
161
164
52
65215
65178
34
188
281
281
328
382
270
111
57
65269
65269
65192
65202
27
9
65072
65069
64710
64448
64695
84
844
1173
1030
746
584
504
510
477
317
250
309
244
199
245
374
300
141
206
135
65241
137
146
82
199
410
304
233
386
323
385
585
638
820
842
851
965
885
1399
1456
1131
64530
63082
61096
59277
57580
56517
56321
55981
56801
55769
54421
53130
52546
53357
54779
55941
56923
58196
60082
61842
63924
65095
65143
65180
65245
127
186
280
265
434
268
296
793
877
1071
670
1049
1523
1536
590
205
65054
64367
63926
64036
64394
64266
64615
65188
428
421
549
135
64796
669
517
65235
65130
65140
65178
65079
64912
64890
65205
10
268
443
524
233
45
65171
48
103
65150
64651
64098
63336
63266
63665
63797
64551
308
2128
1965
3882
7630
12421
14332
16922
17418
15262
12300
8257
5334
3223
1642
1038
64940
62398
60010
56852
54463
53560
53866
55309
61933
63279
1639
3685
3817
2766
1663
1246
642
1723
3496
6508
8804
10262
12950
15869
19021
21729
24496
24286
23484
21913
18546
13324
5585
61741
52840
44872
37066
32640
32640
32640
32640
32640
32640
32640
37283
42331
48387
54904
62049
4052
12256
21352
27665
30635
32640
32640
32640
32640
32126
28778
25378
20433
13986
9107
5331
2326
1490
694
63324
59484
54287
45823
38270
47497
64794
8621
11749
12621
11913
9238
4748
63719
58146
55890
58385
63110
2412
6541
11149
14788
16244
16603
14637
11177
7799
3623
64223
61292
58854
56229
55015
56927
60177
62010
1138
7354
10078
10890
12375
12628
9680
4286
63951
59882
58222
59994
63414
1481
5282
8971
12208
14773
14664
11513
7686
4137
1885
897
438
64093
62509
61981
61544
61763
64374
3067
64778
63881
63387
62935
62722
64422
1014
2126
3492
5657
7509
8610
9145
9719
9655
7956
5754
3065
138
62847
61199
59906
60188
60877
61136
61857
63354
177
1838
2843
4315
5828
6215
6419
7291
7720
7390
6125
2359
61403
59981
65030
3954
8876
15855
19493
21152
22587
23632
21121
15409
8751
201
55444
50567
50940
55052
59864
65024
3931
7793
12339
15503
14480
12400
10680
3315
57536
55772
60598
63819
317
1266
2606
4212
4982
5524
4468
1811
63919
59573
56739
59370
1526
10144
16656
21759
24472
23206
17902
10544
8122
7458
7441
6130
3235
64715
59767
53636
46704
40828
37183
35155
33686
33613
35162
37043
38088
38443
39730
42352
45225
48516
52087
56783
63724
6683
14830
20567
22979
24236
23636
24172
23271
22824
22835
21823
19815
16855
13327
8798
3497
88
65003
64914
64962
64729
64440
64156
63929
63681
63498
63529
63644
63784
63906
64041
64091
64008
63678
63373
63559
63773
63710
63425
63372
63082
62863
62872
63153
63461
63468
63513
63693
63820
64124
64580
64738
64683
64567
64527
64259
63882
63578
62842
62322
62277
62520
63076
63472
63715
63672
63485
63304
63188
63628
64286
64714
65071
65136
65122
65133
65161
65230
65225
65270
64928
64639
64719
65179
1360
1048
64221
63585
64629
65015
308
362
264
168
64953
64372
64336
64588
65037
188
267
257
372
382
413
362
336
334
273
172
213
231
144
255
345
480
538
468
421
499
508
384
235
105
88
123
141
100
65237
65246
178
255
255
306
266
140
65238
65035
64967
64981
65053
65264
133
167
73
65235
65268
65052
64930
65122
65210
65146
65269
138
65051
64573
64513
64998
64924
64709
64964
181
332
3
65080
64929
64941
65059
65229
94
83
65244
65161
65048
64751
64564
64610
64766
64922
65138
207
540
461
65255
64865
64670
64493
64869
876
2212
2091
1521
65243
63274
62614
63244
62666
61915
60817
60703
61763
64454
2922
7373
10496
12058
13112
13892
14026
13699
13742
13904
14337
14407
12697
6899
60257
43536
32640
32640
32640
32640
32640
32640
32640
33943
43622
54564
1270
12582
22111
30499
32640
32640
32640
32640
32640
32640
32640
32640
29788
23854
16980
5168
51912
33436
32640
32640
32640
32640
32640
32640
32640
32640
34114
43512
55927
5559
20195
31894
32640
32640
32640
32640
32640
32640
32640
32640
32640
32640
27344
18859
4392
47423
32640
32640
32640
32640
32640
32640
32640
32640
32640
38389
48251
60223
9008
24172
32640
32640
32640
32640
32640
32640
32640
32640
32640
31557
23467
15435
3839
53208
36987
32640
32640
32640
32640
32640
32640
32640
32640
32640
40293
53059
4931
22118
32640
32640
32640
32640
32640
32640
32640
26873
16277
8951
6019
6174
8307
10218
12781
15123
16415
18157
17932
15096
12242
8275
5298
3663
3037
2666
1967
0
61498
56710
51798
46453
42063
36669
33444
34335
33195
36081
37392
40214
46220
55155
2124
14281
23403
29308
31207
31497
31396
29527
26573
22977
19487
16395
13571
11242
8775
7386
6084
4720
3617
2603
1777
889
397
244
450
952
770
64720
61725
57795
54499
53643
53744
53746
53700
54028
53386
52103
51070
49552
47337
46077
46106
45124
44891
45453
46201
47904
50845
55123
60706
2220
8948
14800
18775
20952
21908
22408
21975
21300
21175
20884
20600
19933
18682
16722
14363
12070
9857
7316
5099
2565
63599
55890
46160
40426
38249
36587
36612
38486
38945
36743
36812
37103
39687
44097
52274
63785
9804
19439
25852
28436
29412
28756
27309
26311
24063
22293
20339
18414
16873
14381
11744
9753
7800
5765
3858
1751
65121
63781
62974
61327
58066
53096
51546
52155
52229
51673
51884
51900
51963
52451
52829
52646
52637
52161
52345
52739
52645
52462
53067
54019
55058
56816
59515
62267
65165
3126
5891
8152
9793
10758
10826
10711
10413
9620
9113
9034
8914
8538
8212
8149
8168
8075
8113
8310
8207
8054
8008
8053
7686
7386
6955
6143
5164
3980
2584
782
63984
61582
59282
57706
57068
57206
58378
59358
60499
61264
62379
63261
63767
63889
64151
64315
64161
63982
64317
64801
65155
65275
65264
50
138
221
92
0
26
58
105
119
381
725
766
591
604
1007
1257
1384
1250
1165
1044
615
411
605
823
890
776
456
65241
64770
64482
64343
64435
64673
64589
64605
65004
65140
63517
61124
61688
63411
64485
64350
64015
62996
61114
61710
62649
63128
63417
64070
64251
64515
64859
65094
64893
64855
65160
65096
64734
64641
64247
63915
64133
64534
65203
336
403
175
65171
64939
64633
64360
64072
63580
63372
63595
64224
64692
65092
142
65247
64871
64301
63614
63219
64310
62229
62178
65186
63331
196
759
849
1897
1553
2861
1567
63961
62918
63332
176
2
64678
65070
157
64344
64771
195
64859
64546
64216
64151
64373
64262
64320
64826
64819
64492
64446
64612
64447
64630
64589
64596
64638
64838
64735
64621
64974
64704
64629
65087
65001
65025
65222
65025
65062
64927
64713
64922
65112
65018
65052
64866
64783
65077
186
52
480
571
298
404
741
518
110
65271
0
64761
64210
64715
65177
375
359
65188
288
1009
1213
1860
2446
2894
2787
3827
4447
3097
1148
1311
2704
1366
64150
63523
62137
61549
61279
61576
61047
61460
61941
62902
63520
63572
63022
63318
63935
64053
64161
64487
65054
65170
427
958
47
64079
213
65078
60808
62139
61445
61820
60994
61691
62679
63141
63719
64063
64396
64741
65146
39
131
788
862
868
667
569
873
657
856
933
1141
1758
1594
1295
1798
2085
2019
2043
1953
2070
2627
1712
2157
1335
73
673
64605
62857
62894
62258
63199
64156
64317
64177
64005
64582
64819
64836
64329
64580
65153
64252
64977
64094
62317
61993
62433
62458
63703
64573
64808
64504
64752
64852
65097
65035
65253
125
64988
65201
982
64303
63500
64627
64784
64229
62943
62233
61827
62314
62621
62730
62954
63309
62813
63143
63528
63774
64159
64311
64430
64758
64719
64829
64734
64910
64888
64791
64799
64804
64759
64874
64490
64442
64585
64626
64224
64434
64737
64862
64933
64895
64850
64983
64962
64889
64894
64714
64819
64878
64999
64942
64880
64841
64783
64865
64652
64618
64843
64908
64675
64724
64871
64855
64914
64744
64851
64734
64919
65082
64917
64837
64921
64770
64909
65204
64917
64820
64927
65074
65000
65208
121
35
65246
65079
65174
65279
65197
65226
108
348
269
65001
64895
64821
64685
64807
65008
65136
65033
65022
65194
576
760
692
454
159
786
219
64990
628
1786
1016
65214
65140
750
320
32
947
2895
3237
645
64166
63765
61820
61553
63627
62562
61227
61574
63047
62745
61314
63803
64377
64035
64851
65104
1470
5690
6338
4926
2386
64017
63331
1581
3947
7690
11928
15866
16481
14275
11684
7821
4349
64685
48517
32640
32640
32640
32640
32640
32640
32640
32640
39134
51846
57989
62522
64259
2448
7736
16206
31683
32640
32640
32640
32640
32640
32640
32640
24001
8315
2986
1781
1344
64795
62155
63456
64638
63995
63724
65196
401
64210
63202
459
39
63786
423
436
62291
62084
64406
60979
59989
163
64088
62620
1518
3301
2500
3759
6637
9180
10481
9634
9896
8801
7205
5532
3633
722
63258
60366
59397
58689
58979
61334
63723
64497
852
3538
4217
4147
2989
2283
2807
550
62245
1098
2428
63562
63343
364
133
568
1483
123
62846
64116
2843
3450
1539
64863
63778
65024
983
39
271
64191
63255
603
354
64264
848
2398
239
59823
56354
57388
59113
59157
61011
22
64651
59974
62534
3818
64255
61229
1125
1722
63484
63505
64479
64801
64259
63831
63044
62689
63235
62657
62371
63370
64398
64827
228
2694
3518
2548
65192
62781
61478
60658
59865
60653
60151
62289
63792
64557
64846
64901
64870
64656
64659
64790
64754
64610
64580
64533
64599
64718
64861
64599
64950
65072
65101
65189
65116
64376
63187
62327
63040
111
788
1224
980
850
65232
65181
11
65220
65017
64757
64710
64321
64282
64524
64611
65065
64693
64482
64567
64730
64636
64946
64964
64711
64370
64725
64405
63856
64362
64613
64680
64685
64430
64318
64514
64610
64721
64963
64701
64819
64832
64900
64611
64522
64963
64747
64463
64740
64854
63859
63415
64133
64912
63412
63588
2291
1697
60372
60344
57788
53279
58055
5470
26065
32640
32640
32640
32640
32640
31809
28921
15807
5858
2425
4233
1304
63075
4815
5989
3462
8157
4338
3353
3778
65031
52617
35074
32640
32640
32640
32640
32640
32640
32640
32640
32640
32640
32640
32640
32640
45347
57901
63279
6813
15810
20540
24223
28452
26627
19689
20034
17362
14603
17770
17957
13755
12393
13686
6
